-2.970879303134310589e-02
2.047458567959781206e-02
2.357187104129305766e-01
1.048144529360442334e+00
-7.840835218174913024e-03
-6.210984208072467538e-02
4.769073944169122115e-02
1.111675660264371146e+00
1.969753774258138981e-02
-3.127408975397722557e+00
1.417849909220625371e-01
1.707354278680561777e-01
-2.508827141828295915e-02
2.001109934059019935e-02
-8.799872689302823403e-03
8.091704293412493865e-03
6.836257453730065770e-02
6.880323495028493053e-01
1.137286201290893528e-02
8.952389016989803494e-02
1.717541307576894716e-01
5.821817912737633494e-01
1.578073432017199629e-01
2.383407573213780495e-02
3.487137009033935975e-02
6.381041379649561307e-01
-4.874679870723149788e-01
1.760371784675152540e+00
-3.055063273033655630e-02
3.232222229227657562e-01
-7.626776339089480494e-03
-4.924968540771783310e-03
-8.765477749369726679e-03
5.203294710849071247e-04
4.937565116814518484e-02
-8.169411948495283737e-03
8.684662054361873273e-02
1.075922545408807274e-01
1.734929446405434894e-01
2.927013022209046245e-03
1.560563478888492284e-02
1.046231888596448056e-02
1.036691215693788526e-03
1.276634863546066700e-02
1.674138225071944985e-01
-5.996587505772071891e-02
5.878015481389379376e-02
2.343717127253737154e-01
-2.777519478175868688e-03
9.631534618546714471e-03
-1.304654028190992653e-03
1.010327518662602203e-02
-1.650441915467083798e-02
2.865931933798120373e-03
2.262858386241663189e-03
4.327280992385812430e-02
1.994702594478433566e-01
