5.773502691896257922e+06
-3.318330983329123416e-11
-6.603465243861407146e-10
5.773502691896257922e+06
-6.603465239585917355e-10
2.037302433959692349e-09
-2.080918860808432308e-20
2.080918859749306857e-20
-3.908925147992538487e-12
4.966404584958104661e-05
3.823192015786738146e-02
2.295865846466076388e-01
1.984910030215547572e-02
3.554721552660643213e-03
1.509581247950589518e-02
3.440965156024091472e-03
2.495558000652856739e-02
1.882794907548793750e-01
2.352477349336120141e-02
-2.867177151143094349e-01
3.224641078441310704e-02
4.505252500775755564e+00
1.726799393504750979e-01
1.481774281756633449e-01
6.757926733087642468e-01
5.397170062715313590e-04
-2.399298081665495255e-02
6.426182975664980201e-01
1.502635612413885137e-02
2.283082351739657012e-03
-5.430610982766503891e-02
4.817550062466212368e-02
-2.054747277502582126e+00
6.574572299700062850e+00
1.081906768682311948e-01
1.659313726394995303e-01
1.395122419252592394e-02
5.223886353131201865e-04
-6.063002709237870318e-04
2.870480681553768624e-03
5.495127241698209881e-03
3.441979508753068018e-02
-1.170302483879442912e-02
2.071905436276926249e-01
2.753168794538577921e-02
3.136796071562730770e+00
4.661964417086572901e-07
2.909879203448235141e-01
1.829278769187038800e-01
-2.971748367252140949e-02
3.700125978880046754e-03
2.342791107028243669e-01
-1.457054975657056696e-02
8.461491868591033971e-03
-1.012558310221313256e-03
-1.131841367736084042e-01
-6.599220178982283525e-01
2.949906425699984513e+00
6.538634693641343087e-02
1.850055841415022828e-01
3.340969794483496236e-02
3.338836518312562765e-04
1.644048351550882192e-02
3.782179150365986425e-02
-9.113874443891546023e-03
1.302820870641721931e-02
1.576039942914841119e-01
-6.247137578585112982e-02
-1.931411321145779236e-01
2.729399478636898468e+00
7.637056925774066141e-02
2.349715087554888893e-01
1.100338625619341586e-02
9.715585173140462577e-03
-1.779655127618193352e-03
9.006109609216725667e-03
-1.749509617896665044e-03
4.494438637004487258e-04
2.493115613417238620e-03
9.237638957178909973e-04
2.624644643595712009e-05
1.040110759693738396e-01
4.104925410987306234e-02
2.007047984216580039e-01
