3.062973933095125990e-03
3.949123261430556586e-02
2.294190693861070107e-01
9.692677094709386543e-01
1.968758998695532662e-03
1.461432857057147310e-02
2.274271107274029521e-02
1.139932283913023925e+00
2.364193070869597194e-02
-3.128374459494456250e+00
1.690078681599405108e-01
1.497663078462100616e-01
1.537616484596879968e-02
2.480966023610558201e-03
-2.727201884513558855e-02
1.640855779819328647e-02
1.052058857447015772e-01
6.812563922690695328e-01
2.078072141690974831e-02
1.081117733194658925e-01
1.654009942389911558e-01
5.519730569419080135e-01
1.286916767774472226e-01
-9.810264312533330342e-04
5.558224958916859609e-03
6.537934714697845040e-01
-4.888553763068504976e-01
1.768058780491572168e+00
1.994591088375113409e-06
2.911577756290401053e-01
-1.283326980450826341e-02
-2.974893165553234645e-02
3.729725685089706460e-03
-1.461143333804931776e-02
4.712703894463459581e-02
-1.005185899853760318e-03
7.995907085362410904e-02
6.542587805609377527e-02
1.849987051966677509e-01
3.808240719021594931e-03
3.728503721434872869e-04
1.642083152070689459e-02
-9.143785524843432364e-03
2.281767985010146188e-02
1.667579345021375226e-01
-6.249378216162366356e-02
7.637281061254781733e-02
2.349664649062603861e-01
2.000516023096452194e-03
9.714432719296721419e-03
-1.778063681114915202e-03
-1.749770240870537159e-03
4.503617401115878808e-04
2.493159616600510668e-03
9.236117968596009456e-04
4.104740259870541530e-02
2.007058415697184628e-01
