5.773502691896257922e+06
-1.368375854923038257e-11
9.139885093450438983e-12
5.773502691896257922e+06
9.139885093450438983e-12
4.049574273135014835e-09
2.141433145747087368e-10
-2.141433145747085817e-10
-1.115433508410045762e-11
7.745966692414833233e+06
2.047460750041027108e-02
2.357187123427490205e-01
1.391113602327155307e-01
-8.978616439577088298e-03
-6.190422555911938990e-02
6.135295220179633885e-03
3.473887489845005339e-02
1.976684615555887037e-01
1.969753762753383847e-02
-4.822868261723480821e-01
8.719086645515164435e-02
7.745966849480917677e+06
1.417849941247613377e-01
1.707354305296564789e-01
7.661978221751034725e+05
2.024370764485066906e-02
1.670328857417256990e-03
7.661978343408517540e+05
3.369899049320816947e-03
2.615692815252701475e-03
4.439240383680786994e-02
-6.687798953867798990e-04
-2.424676607118002139e+06
7.673027846762643196e+06
8.952389523037050656e-02
1.717541334035603273e-01
2.791672598109769532e-01
7.955624880957934408e-02
2.566248151148319001e-02
2.632082230879193713e-02
2.529110178365561942e-02
2.794450981688754165e-01
-3.095573316102467887e-01
9.410827862209618644e-01
-1.353373224693015485e-02
5.621792977731850272e+00
4.709861337727694616e-09
3.232222243311624887e-01
2.874758818115020868e-03
-4.395714303098260251e-03
-7.886269069347045038e-03
3.123320834992510120e-02
6.491167196398856974e-04
2.695234945202353710e-02
-8.270245312581117961e-03
-1.123948962886311964e-03
-2.399514383057917578e-03
2.672189362249186538e-03
1.075922587558569982e-01
1.734929472599932299e-01
2.190387017674937445e-02
1.371954371930983463e-02
9.489932220142651906e-03
2.104271547183080363e-02
-8.215973870638293127e-04
1.341410466791174289e-02
1.494114150932509544e-01
-5.362808874832816070e-02
-8.782175947175639708e-02
1.944896316275173787e+00
5.878016249919550129e-02
2.343717146662527007e-01
3.973763287356518736e-03
3.775300132336368956e-03
7.515574838217728209e-04
4.031820081301655707e-03
7.808114975479452970e-04
2.228450119062489344e-04
2.372166457794840869e-03
1.580278062944399757e-03
5.991800158070234236e-03
1.922307822559819745e-01
4.327282033639098108e-02
1.994702617272368084e-01
