6.135299269753907020e-03
2.047460750041027108e-02
2.357187123427490205e-01
1.048153564457570353e+00
-8.978616439577088298e-03
-6.190422555911938990e-02
3.473887489845005339e-02
1.112845961042072451e+00
1.969753762753383847e-02
-3.127408975399548208e+00
1.417849941247613377e-01
1.707354305296564789e-01
-2.410825448919536040e-02
1.912717473447893279e-02
1.670328857417256990e-03
3.369899049320816947e-03
9.632786138518101282e-02
6.847237657508914443e-01
1.286495235154337495e-02
8.952389523037050656e-02
1.717541334035603273e-01
5.831990536983070461e-01
1.471471303134401221e-01
2.566248151148319001e-02
2.529110178365561942e-02
6.389257321714464366e-01
-4.860907728614526913e-01
1.760366198388971570e+00
4.709861337727694616e-09
3.232222243311624887e-01
-5.827098882188952271e-03
-4.395714303098260251e-03
-7.886269069347045038e-03
6.491167196398856974e-04
4.948370010164466343e-02
-8.270245312581117961e-03
8.669781050887008511e-02
1.075922587558569982e-01
1.734929472599932299e-01
3.404339608429900795e-03
1.424682213322001588e-02
9.489932220142651906e-03
-8.215973870638293127e-04
1.893455992700372389e-02
1.663277239317773604e-01
-5.961988890639839667e-02
5.878016249919550129e-02
2.343717146662527007e-01
-5.805679394513735730e-05
3.775300132336368956e-03
7.515574838217728209e-04
7.808114975479452970e-04
2.228450119062489344e-04
2.372166457794840869e-03
1.580278062944399757e-03
4.327282033639098108e-02
1.994702617272368084e-01
