-2.752077401565622417e-02
3.129004991446343587e-02
2.330792164198856598e-01
1.027030041057554133e+00
-1.031223631585742595e-02
1.147725995941800692e-02
3.973012714557694336e-02
1.085502354998755692e+00
2.224621321501665805e-02
-3.127123794737289852e+00
1.842263665261618666e-01
1.383076135910790150e-01
6.771265595760578293e-03
1.737427724206463964e-02
-1.984611173009875884e-02
3.834295313193858412e-02
6.769661018503558836e-02
6.849428118617193473e-01
2.149187697734503133e-02
8.559282175741861343e-02
1.725868550962788850e-01
5.697743073226133603e-01
1.293749768725180882e-01
-5.939498349795138687e-03
2.597161454578250650e-02
6.556989055780948483e-01
-4.895768998670678718e-01
1.767833503593670086e+00
3.303656249938022316e-02
2.907344749383433680e-01
-1.607503012267841314e-02
-3.113471012119862352e-02
7.224943841692907376e-03
-9.627145866592912160e-03
4.653221742192793775e-02
-1.512475009660285696e-03
7.983156079495484780e-02
6.224866950306739977e-02
1.851737929045823572e-01
7.112057674936375640e-04
8.093657223975508908e-04
1.947120587169715034e-02
-1.387503188541719390e-02
9.320435254457443142e-03
1.673274805282254640e-01
-6.242200494946367056e-02
7.295287908700763546e-02
2.336347842947576747e-01
3.261228439946230184e-03
9.372571697919687000e-03
2.336674430492187426e-04
-4.522465099585510663e-03
-1.214967774372838379e-03
2.604354300613568457e-03
8.819119111977999186e-04
4.051511875099611526e-02
2.005925293379200169e-01
