3.440967193326525432e-03
3.823192015786738146e-02
2.295865846466076388e-01
9.683759732565601075e-01
3.554721552660643213e-03
1.509581247950589518e-02
2.495558000652856739e-02
1.140247328865308107e+00
2.352477349336120141e-02
-3.128291008707547505e+00
1.726799393504750979e-01
1.481774281756633449e-01
1.469503816174623848e-02
2.811081261765858118e-03
-2.399298081665495255e-02
1.502635612413885137e-02
1.052287836897861789e-01
6.816032169515265915e-01
2.064381267927634100e-02
1.081906768682311948e-01
1.659313726394995303e-01
5.519618319187870048e-01
1.292943040948115185e-01
-6.063002709237870318e-04
5.495127241698209881e-03
6.540262858897645248e-01
-4.888266757140606322e-01
1.768062246167066753e+00
4.661964417086572901e-07
2.909879203448235141e-01
-1.272398050815380655e-02
-2.971748367252140949e-02
3.700125978880046754e-03
-1.457054975657056696e-02
4.708874514455772819e-02
-1.012558310221313256e-03
7.995699534096951944e-02
6.538634693641343087e-02
1.850055841415022828e-01
3.788554278084993367e-03
3.361933391176205252e-04
1.644048351550882192e-02
-9.113874443891546023e-03
2.283978008794077669e-02
1.667569689767890162e-01
-6.249762223228708807e-02
7.637056925774066141e-02
2.349715087554888893e-01
1.997276646976690190e-03
9.715585173140462577e-03
-1.779655127618193352e-03
-1.749509617896665044e-03
4.494438637004487258e-04
2.493115613417238620e-03
9.237638957178909973e-04
4.104925410987306234e-02
2.007047984216580039e-01
