5.773502691896257922e+06
-3.353120090200752015e-11
-5.005712432297658372e-08
5.773502691896257922e+06
-5.005699138713886687e-08
9.290299809831814581e-09
5.078856370048780554e-08
-5.078852964466662279e-08
-1.761693830593427741e-11
7.745966692414834164e+06
3.949123261430556586e-02
2.294190693861070107e-01
1.269087783460687291e-03
1.968758998695532662e-03
1.461432857057147310e-02
3.062964642795316158e-03
2.274271107274029521e-02
1.688706975756749662e-01
2.364193070869597194e-02
-4.862157811046117217e-01
5.832762293458097075e-02
7.745967684122414328e+06
1.690078681599405108e-01
1.497663078462100616e-01
7.661980568092529429e+05
-8.516270693480730569e-05
-2.727201884513558855e-02
7.661980219327749219e+05
1.640855779819328647e-02
7.770907034004154168e-04
-6.982911191564500353e-02
5.188531209018690249e-02
-2.424677049866724759e+06
7.673027896013671532e+06
1.081117733194658925e-01
1.654009942389911558e-01
1.394695234353138247e-02
3.708997111581679995e-04
-9.810264312533330342e-04
3.136473647204211096e-03
5.558224958916859609e-03
3.397535862648759508e-02
-1.215516662372329026e-02
2.126554221123109212e-01
3.110459067327715765e-02
3.325882357594999394e+00
1.994591088375113409e-06
2.911577756290401053e-01
1.863715674673649125e-01
-2.974893165553234645e-02
3.729725685089706460e-03
2.379685192671687211e-01
-1.461143333804931776e-02
8.363356949339074975e-03
-1.005185899853760318e-03
-1.123581694319154278e-01
-6.634194357822034149e-01
2.926678313137260901e+00
6.542587805609377527e-02
1.849987051966677509e-01
3.356537284387290515e-02
3.696707240633778885e-04
1.642083152070689459e-02
3.796217151308665938e-02
-9.143785524843432364e-03
1.300961949744839155e-02
1.576498608406732005e-01
-6.245764979707696396e-02
-1.923172402855395369e-01
2.748005209596125376e+00
7.637281061254781733e-02
2.349664649062603861e-01
1.100706589354066324e-02
9.714432719296721419e-03
-1.778063681114915202e-03
9.006549870444210612e-03
-1.749770240870537159e-03
4.503617401115878808e-04
2.493159616600510668e-03
9.236117968596009456e-04
3.613236454669740689e-05
1.035008370620946055e-01
4.104740259870541530e-02
2.007058415697184628e-01
