-1.214390562129640450e-16
1.924229334018604163e-16
-1.035536805833637039e-16
-1.191871452452054231e-16
-1.958482877555937732e-16
-2.474597710165463149e-02
-9.200084499439033542e-17
1.487887688341268364e-17
-8.683612964356365595e-17
1.126754784083656800e-17
3.823192015786716635e-02
2.295865846466073890e-01
-5.293292139663532958e-02
3.554721552660459333e-03
1.509581247950631325e-02
2.818694429498040666e-02
2.495558000652846678e-02
9.075148991713211100e-02
2.352477349336090651e-02
-1.131447327992745500e+00
-3.601697849465462993e-17
2.553185075522703652e-17
1.726799393504749591e-01
1.481774281756635669e-01
8.108257737410307087e-05
3.650216392126618466e-03
-2.399298081665512603e-02
3.773748594312242854e-02
1.502635612413877157e-02
2.154619756808492936e-02
4.917174921381520236e-01
1.047247776581342049e-02
1.155348663297699474e+00
3.613137666238903090e-01
1.081906768682311393e-01
1.659313726394996413e-01
-3.346220657999465775e-02
2.763290353024964313e-02
-6.063002709237771655e-04
5.508948672545349590e-02
5.495127241698191667e-03
-1.234229353275878571e-02
-3.321293775426216177e-01
5.358028453844962957e-01
-1.017133491346295347e-02
4.022839592961859889e-01
4.661964416583940373e-07
2.909879203448235141e-01
-3.294253626139334590e-02
-2.971748367252137826e-02
3.700125978880000350e-03
-1.286196385135982001e-02
-1.457054975657051839e-02
3.973215324267782844e-02
-1.012558310221257528e-03
3.997849767048475278e-02
5.029047038391473157e-01
6.298451356699787951e-01
6.538634693641341700e-02
1.850055841415023383e-01
4.386636673175119128e-03
-2.404392232379295481e-03
1.644048351550882539e-02
2.402980308109391172e-03
-9.113874443891547758e-03
1.112765898738187625e-02
1.104659281385041575e-01
-3.135460437436819736e-02
-3.997849767048475278e-02
6.298451356699786841e-01
7.637056925774066141e-02
2.349715087554888893e-01
8.755786153766509719e-03
9.715585173140462577e-03
-1.779655127618193352e-03
6.758509506790659135e-03
-1.749509617896665044e-03
4.494438637004487258e-04
2.493115613417238620e-03
9.237638957178909973e-04
3.114301785791882132e-02
6.396709186168716421e-01
4.104925410987306234e-02
2.007047984216580039e-01
