5.773502691899999976e+06
-3.318330983329999711e-11
-6.603465243859999905e-10
5.773502691899999976e+06
-6.603465239589999492e-10
2.037302433960000061e-09
-4.189990616374159271e-16
4.189990614239818192e-16
-7.870734413840517871e-08
4.966404584959999982e-05
3.823192015790000120e-02
2.295865846469999916e-01
1.984910030219999913e-02
3.554721552660000065e-03
1.509581247950000059e-02
3.440965156020000127e-03
2.495558000649999997e-02
1.882794907550000008e-01
5.221632636423181005e-03
-6.364076487707630292e-02
7.157514651801899150e-03
4.505252500780000169e+00
1.726799393500000057e-01
1.481774281759999923e-01
6.757926733089999471e-01
5.397170062719999512e-04
-2.399298081669999985e-02
6.426182975659999741e-01
1.502635612410000050e-02
2.283082351740000054e-03
-8.260021694518136781e-03
7.327548991574443782e-03
-3.125294215098614048e-01
6.574572299699999789e+00
1.081906768680000047e-01
1.659313726390000132e-01
1.395122419250000023e-02
5.223886353129999485e-04
-6.063002709239999691e-04
2.870480681549999937e-03
5.495127241700000116e-03
3.441979508750000333e-02
-3.730884817443621323e-03
6.605164597931909021e-02
8.777009189414045759e-03
3.136796071560000065e+00
4.661964417090000208e-07
2.909879203449999840e-01
1.829278769190000042e-01
-2.971748367249999953e-02
3.700125978879999916e-03
2.342791107030000042e-01
-1.457054975660000001e-02
8.461491868590000076e-03
-3.432509931157305704e-04
-3.836872105092007518e-02
-2.237094750357728201e-01
2.949906425700000057e+00
6.538634693639999718e-02
1.850055841419999958e-01
3.340969794479999727e-02
3.338836518310000253e-04
1.644048351549999912e-02
3.782179150369999882e-02
-9.113874443890000385e-03
1.302820870640000045e-02
5.774310265843921736e-02
-2.288832260531833973e-02
-7.076323331432524122e-02
2.729399478639999987e+00
7.637056925769999949e-02
2.349715087550000026e-01
1.100338625620000087e-02
9.715585173139999406e-03
-1.779655127620000067e-03
9.006109609220000825e-03
-1.749509617900000050e-03
4.494438636999999745e-04
2.396971274639117175e-02
8.881399284758128426e-03
2.523428028359462868e-04
1.040110759689999997e-01
4.104925410989999912e-02
2.007047984220000081e-01
