9.716406688335295361e-03
1.173346216505308324e-08
1.276508081509126535e+00
2.362533374580753520e+00
9.078272752316349919e-03
2.729588817883017368e-02
9.722198743231681706e-02
4.136135966006603049e+00
2.397535738562488541e-02
-6.387357984852043202e+00
2.012513086359769658e-07
1.409006548169636108e+00
1.377955666622100450e-01
-1.468118108744225631e-02
1.561995556152809272e-02
3.885213541426249528e-02
9.412794098511537838e-03
5.529956626847733897e-02
4.987467790238412496e-02
7.080258947600905073e-02
6.654337191007401175e-01
1.021140816539003016e+00
-1.245110651463563227e-03
5.952961783483611859e-03
-2.026476880113092446e-02
1.026548949720723636e+00
-2.322634870652482558e-02
-3.229187023195766670e+00
3.840199590059070527e-08
4.845044167704293248e-01
6.727192091896903869e-02
-8.214907748016208461e-03
-1.153433590063723466e-02
4.565871430283094737e-03
1.483010603171223138e-03
-1.565914172703006257e-02
1.567176806119579754e-02
2.347129299399795463e-02
3.501658309933108892e-01
1.288326624839335743e-01
2.001960910986182868e-03
9.234348724953335072e-03
-1.512270295899661781e-03
1.295227311679805760e-01
1.063761043783440115e-02
-5.780761209188761685e-01
1.810499012584543027e-09
4.223128630107716441e-01
2.195905163592643330e-02
-7.657653973506197038e-03
-7.374965769692845736e-03
-2.577000491449099053e-04
4.221431981749352268e-03
-2.447217937492862216e-03
1.137947105857024452e-02
3.417840083658285567e-10
4.969408938231948403e-01
