4.664207050275592792e-03
-7.342678882091835391e-02
1.327468178917315278e+00
2.096533624890099645e+00
1.233961519055508660e-01
7.522098401781596166e-02
9.435274368072388285e-02
2.592584644877497624e+00
-1.443171992323576402e-01
-6.675560297902936036e+00
-1.996447672895815817e-01
1.519689674080367592e+00
1.619033558329929789e-01
3.575948980450549541e-03
7.534541100865155272e-03
1.286113013003878924e-01
-1.009033415072861928e-01
2.371018208133945926e-02
1.865708491707723793e-02
8.394894164531763181e-04
6.690221886121396899e-01
1.161455516756616291e+00
2.975495433910513299e-02
1.519871449553282516e-02
5.111746334536437786e-02
1.155598648470731682e+00
2.494434199451125295e-02
-3.215051466068025832e+00
-8.651500279707155516e-02
6.106857327789592116e-01
2.559160113936850833e-02
-2.657262823332999513e-03
-3.418530161408167567e-02
6.494360292130690882e-02
4.159623521789346245e-02
-1.155510759247219132e-02
1.252263735275756934e-02
1.318109337812586324e-01
2.896384747517443681e-01
1.363619115328125742e-01
-1.586926426711689903e-02
-1.150142742198077481e-02
1.390591916547412321e-02
1.273968994305674229e-01
-3.411804954649208695e-03
-5.793856593039564684e-01
-3.075164173670292267e-01
5.442724986645598451e-01
-8.456197252022124022e-03
-1.562619617086381460e-02
5.695635936802137707e-03
1.792137441788852273e-02
-7.543523477043598963e-03
7.086477189140745481e-03
3.205301310592655051e-02
-1.610173614018345356e-02
4.967527330680958642e-01
