5.773502691896257922e+06
-1.295251238971802450e-11
4.862483523351052963e-11
5.773502691896257922e+06
4.862483523351052963e-11
8.122318928549532302e-10
-4.016360429268480552e-11
4.016360429268481845e-11
6.596262867316872275e-12
7.745966692414833233e+06
4.488187238568715631e-10
1.327468178975922175e+00
2.138227797807068509e-01
9.426400030597026358e-02
7.771878129410093872e-02
4.618586827840932829e-02
8.825590611612860181e-02
6.579817659791997730e-01
-1.443171927431637080e-01
-1.362362897015225727e+00
9.568053616716014342e-02
7.745976687633806840e+06
1.636347213325217848e-10
1.519689674131562196e+00
1.451816509904718492e+06
3.124594289166623007e-03
9.433726156198198390e-03
1.451816357396395644e+06
7.654125824455097760e-02
2.200674321202120143e-06
2.287928812926705302e-02
1.749782414415668175e-01
-3.318438278985157143e+06
7.585003816647094674e+06
8.395369772974255965e-04
6.690221887283986923e-01
5.202962475408000609e-01
1.670536493343299789e-02
1.921413417466003373e-02
9.403239895255667211e-03
-1.653432640623966887e-02
5.150572537526718619e-01
2.732108107376763143e-02
-1.701979431675554988e+00
-1.335405238939314509e-01
6.352555658489490220e+00
3.796534725910015385e-10
6.106857329063175577e-01
6.846157372022995680e-02
-8.690751567572416181e-03
-2.781068240904383329e-02
4.763520218252189492e-02
4.413868347965199668e-02
4.687485602088273945e-02
-1.168346031955907853e-02
3.622276560265295237e-02
-4.334044803560036657e-02
6.133847995225839844e-02
1.318109343704468028e-01
2.896384750201290714e-01
8.052759476748014289e-02
-1.135579818604412657e-02
-1.331729662065425299e-02
5.695311985941732547e-03
4.684972896333862956e-03
6.727776269600191372e-02
-4.079773768445412417e-03
-3.224868399915571393e-01
-2.191015870029192070e-02
1.956836367034558100e+00
1.061733364367603527e-10
5.442724988074494341e-01
4.507600354744797921e-02
-1.346659866869169032e-02
1.418648722047146846e-04
5.277720236714588536e-02
9.978316935591070858e-03
2.669978033853866693e-03
7.734092119139389897e-03
3.266805438157378144e-02
-2.226647336240805963e-01
1.737611098242693108e+00
2.195137018328477147e-09
4.967527332246463589e-01
