-5.031015116507076002e-02
-1.503101380213789362e-01
1.413140366677967608e+00
2.199882237622713177e+00
9.660337579268396535e-02
8.480482744074802071e-02
1.036780105442050015e-01
3.064819326328219518e+00
-9.566600782478607012e-02
-6.571781356333580071e+00
-2.606440030932812846e-01
1.588410697101515279e+00
2.851356061345775572e-01
2.087379281396950503e-02
7.574327047554874071e-02
1.345131737273828065e-01
-3.235681039269500125e-02
6.433336258566102472e-02
5.306170740655025142e-02
1.335728835651694979e-02
6.882273815349277957e-01
1.004032046585359161e+00
4.424157531893677109e-02
1.389897201061207621e-02
-5.497103294196059586e-03
1.039067850796470793e+00
-2.309015775390249603e-02
-3.231428223186309623e+00
-2.093537231857091063e-01
6.077127369422311576e-01
7.583710608022159461e-02
-9.369680472197272625e-03
-1.950488742129413700e-02
2.958255945625015704e-03
-1.767740381053301002e-02
-1.552675582340057314e-02
1.596104135268008178e-02
8.327419992048057384e-03
3.479950814950727445e-01
1.319077786759749182e-01
6.114034825850281352e-03
7.957289415805007815e-03
-2.863197005678719265e-03
1.320573832556178884e-01
8.083426112680907466e-03
-5.779110590699065853e-01
-1.790672797869007071e-01
5.152108548151251854e-01
2.208958319833019893e-02
-7.470486070382904506e-03
-7.249936410892214578e-03
-1.056908747914106148e-04
3.935462014717325263e-03
-2.283187620487975994e-03
1.134983754016000157e-02
-8.386218382052945675e-03
5.033951054327161501e-01
