5.773502691896257922e+06
2.703841731663951297e-12
1.483548621907407319e-09
5.773502691896257922e+06
1.483548603171110697e-09
7.335453574425221390e-09
-5.405205649623229075e-21
5.414705629461044871e-21
3.864560951301387008e-11
1.312239439998365686e-06
1.173346216505308324e-08
1.276508081509126535e+00
1.353462394680526870e-02
9.078272752316349919e-03
2.729588817883017368e-02
9.716399352881720936e-03
9.722198743231681706e-02
1.777420816019773309e+00
2.397535738562488541e-02
-4.151722852563910493e-02
8.559788466808424846e-04
1.315766698328692808e-01
2.012513086359769658e-07
1.409006548169636108e+00
7.402811844314587386e-01
-1.468118108744225631e-02
1.561995556152809272e-02
6.090445773516713901e-01
3.885213541426249528e-02
2.853834516088850880e-03
5.529956626847733897e-02
1.506681327233516943e-01
-2.346593733160327488e+00
9.067840017611558778e+00
7.080258947600905073e-02
6.654337191007401175e-01
2.401443603511121960e-01
-1.245110651463563227e-03
5.952961783483611859e-03
6.558959582422686958e-03
-2.026476880113092446e-02
2.389935339504101197e-01
-2.322634870652482558e-02
-9.172922131188174788e-01
-1.007934548209675762e-01
3.635320803675985868e+00
3.840199590059070527e-08
4.845044167704293248e-01
1.666506697982772511e-01
-8.214907748016208461e-03
-1.153433590063723466e-02
9.945611719213953705e-02
4.565871430283094737e-03
1.405642290339889199e-03
-1.565914172703006257e-02
2.259131235181341055e-02
-6.437752983722851985e-01
4.212405556428851838e+00
2.347129299399795463e-02
3.501658309933108892e-01
9.406181622423534505e-02
2.001960910986182868e-03
9.234348724953335072e-03
7.736831283133399325e-05
-1.512270295899661781e-03
9.467451659545100817e-02
1.063761043783440115e-02
-4.257781089155324161e-01
-6.919544290617613870e-03
2.129633643706529522e+00
1.810499012584543027e-09
4.223128630107716441e-01
3.537379206441451651e-02
-7.657653973506197038e-03
-7.374965769692845736e-03
1.341474042848808147e-02
-2.577000491449099053e-04
4.221431981749352268e-03
-2.447217937492862216e-03
1.137947105857024452e-02
-7.449955775999893282e-02
8.232216688324597298e-01
3.417840083658285567e-10
4.969408938231948403e-01
