2.313511481341331763e-02
2.883298122933622327e-07
1.281743826387056640e+00
2.211801393177919017e+00
3.807202717405826914e-02
4.940343147780183741e-02
1.001820893605966517e-01
3.111718542437862833e+00
-9.435705467622983178e-02
-6.579188182108094196e+00
2.173782039452426144e-06
1.397766174211941603e+00
2.415453516758205299e-01
-7.074729316027562713e-03
2.358149502152794355e-02
6.212982803510095492e-02
7.788468577503860485e-03
5.042952836611591660e-02
4.921196790548790223e-02
7.252663607090881204e-02
6.623987887608726588e-01
1.007271835177175001e+00
2.674602808651289909e-03
9.849901447125282428e-03
-9.048531477229664055e-03
1.066928296512042129e+00
-1.393575435449960313e-02
-3.228727776063248012e+00
6.822425534563025744e-07
4.906629440345136040e-01
7.028372358048258495e-02
-8.366814606181671027e-03
-1.315681152521517780e-02
4.430441098230107448e-03
1.673543133501551169e-03
-1.598892108860009223e-02
1.577797619322550762e-02
2.199406198061169132e-02
3.509077981642144684e-01
1.286090488896778072e-01
2.083230267619074188e-03
9.169341000672149092e-03
-2.081224783442983239e-03
1.307591190414908733e-01
1.081752820848806002e-02
-5.781758234950258313e-01
3.033946870361023317e-08
4.227491074398629367e-01
2.196978201770992747e-02
-7.632266860232874914e-03
-7.388505135183196307e-03
-2.652064643069299617e-04
4.184726862730734666e-03
-2.440231887543115995e-03
1.137678948100654362e-02
1.267853703411697401e-09
4.969404468638745631e-01
