1.633850191164453043e-16
2.805025031942110717e-18
-2.613525267241306333e-16
-1.183168322353323060e-16
9.168319294756384350e-17
-2.624752885010697701e-01
-2.452464733150142923e-16
-6.071773976337413211e-16
3.882546817363158794e-16
2.494335151245408243e-16
1.173346367355771141e-08
1.276508081509126757e+00
-5.346669836904744955e-01
9.078272752315824298e-03
2.729588817883029511e-02
2.721916951894050585e-01
9.722198743231610929e-02
9.667439125459689198e-01
2.397535738562459398e-02
-1.810715071791408670e+00
4.121022514610043373e-18
1.781727556360121934e-16
2.012513091328528454e-07
1.409006548169635664e+00
2.225584430951235149e-01
-1.468118108744226671e-02
1.561995556152800425e-02
2.095184857603713535e-01
3.885213541426234957e-02
-1.153428152289449615e-01
5.529956626847713774e-02
2.493733895119216656e-02
2.188782384539965875e+00
8.748900685724878556e-01
7.080258947600895358e-02
6.654337191007397845e-01
-1.753998146127953850e-02
-1.245110651462899044e-03
5.952961783483605787e-03
1.247556093274584388e-01
-2.026476880113080650e-02
-1.368874576070159832e-01
-2.322634870652497130e-02
-9.134813057685345905e-01
2.493733895119214922e-02
8.748900685724879667e-01
3.840199574764112557e-08
4.845044167704292137e-01
-3.837778718571094316e-02
-8.214907748016152950e-03
-1.153433590063757466e-02
-1.160496518825848700e-01
4.565871430283268209e-03
1.188295438107686564e-02
-1.565914172703000706e-02
7.835884030597855404e-03
7.860786685371907723e-01
1.225424313273044241e+00
2.347129299399800667e-02
3.501658309933108337e-01
-1.609488902673052516e-02
2.001960910986205853e-03
9.234348724953342011e-03
-1.039994377790340319e-02
-1.512270295899625352e-03
-5.004876564778173997e-03
1.063761043783437166e-02
-1.216527145269785393e-01
7.835884030597855404e-03
1.225424313273044241e+00
1.810499004444480510e-09
4.223128630107716441e-01
4.296430222086415618e-04
-7.657653973506197038e-03
-7.374965769692845736e-03
-2.152940861371768072e-02
-2.577000491449099053e-04
4.221431981749352268e-03
-2.447217937492862216e-03
1.137947105857024452e-02
1.100267436860572073e-01
1.257338158641889470e+00
3.417840083658285567e-10
4.969408938231948403e-01
