5.773502691896257922e+06
-5.158912076523177270e-11
7.958811072160081825e-10
5.773502691896257922e+06
7.958811071844278743e-10
7.823650548591243314e-08
6.864729297879384274e-10
-6.864729297594046254e-10
4.361912133030549403e-11
7.745966692414833233e+06
2.883298122933622327e-07
1.281743826387056640e+00
8.777261883991238633e-02
3.807202717405826914e-02
4.940343147780183741e-02
2.313503657690783172e-02
1.001820893605966517e-01
9.645547316369382784e-01
-9.435705467622983178e-02
-8.121805590169124400e-01
5.674147789826325394e-02
7.745980890817577019e+06
2.173782039452426144e-06
1.397766174211941603e+00
1.451819158675303450e+06
-7.074729316027562713e-03
2.358149502152794355e-02
1.451818924908441491e+06
6.212982803510095492e-02
9.978875092796733737e-06
5.042952836611591660e-02
1.421159416662710062e-01
-3.318444116138207726e+06
7.585017087619167753e+06
7.252663607090881204e-02
6.623987887608726588e-01
2.187663492902773843e-01
2.674602808651289909e-03
9.849901447125282428e-03
7.778489702411063751e-03
-9.048531477229664055e-03
2.706443209227333835e-01
-1.393575435449960313e-02
-8.736889007655377348e-01
-9.290397376078309011e-02
3.652923460448386450e+00
6.822425534563025744e-07
4.906629440345136040e-01
2.105861434710172841e-01
-8.366814606181671027e-03
-1.315681152521517780e-02
1.404031647282621698e-01
4.430441098230107448e-03
1.572798295774085380e-03
-1.598892108860009223e-02
2.527821067967876006e-02
-7.650247883618405131e-01
4.605653352552056212e+00
2.199406198061169132e-02
3.509077981642144684e-01
9.573382162637407433e-02
2.083230267619074188e-03
9.169341000672149092e-03
1.007448377274656944e-04
-2.081224783442983239e-03
9.778314694045966982e-02
1.081752820848806002e-02
-4.286133589077902872e-01
-9.500234486453250707e-03
2.098810165384135562e+00
3.033946870361023317e-08
4.227491074398629367e-01
3.775998406497026172e-02
-7.632266860232874914e-03
-7.388505135183196307e-03
1.579020204726033771e-02
-2.652064643069299617e-04
4.184726862730734666e-03
-2.440231887543115995e-03
1.137678948100654362e-02
-8.718217401093471264e-02
8.593271818445380461e-01
1.267853703411697401e-09
4.969404468638745631e-01
