4.618586909064122115e-02
4.488187238568715631e-10
1.327468178975922175e+00
2.102501162602465890e+00
9.426400030597026358e-02
7.771878129410093872e-02
8.825590611612860181e-02
2.592846017127533376e+00
-1.443171927431637080e-01
-6.675560295244394204e+00
1.636347213325217848e-10
1.519689674131562196e+00
1.619115627212767139e-01
3.124594289166623007e-03
9.433726156198198390e-03
7.654125824455097760e-02
9.405440569576869331e-03
2.287928812926705302e-02
4.143771754763538040e-02
8.395369772974255965e-04
6.690221887283986923e-01
1.161842792441654781e+00
1.670536493343299789e-02
1.921413417466003373e-02
-1.653432640623966887e-02
1.166007038548782182e+00
2.732108107376763143e-02
-3.207900686047127081e+00
3.796534725910015385e-10
6.106857329063175577e-01
2.652168352364979789e-02
-8.690751567572416181e-03
-2.781068240904383329e-02
4.413868347965199668e-02
5.257016800682447200e-02
-1.168346031955907853e-02
1.431260690236103167e-02
1.318109343704468028e-01
2.896384750201290714e-01
1.368063336812108399e-01
-1.135579818604412657e-02
-1.331729662065425299e-02
4.684972896333862956e-03
1.292518135956743364e-01
-4.079773768445412417e-03
-5.785339639333385575e-01
1.061733364367603527e-10
5.442724988074494341e-01
-7.701198819697907885e-03
-1.346659866869169032e-02
1.418648722047146846e-04
9.978316935591070858e-03
2.669978033853866693e-03
7.734092119139389897e-03
3.266805438157378144e-02
2.195137018328477147e-09
4.967527332246463589e-01
